#
#
#  Percent Identity  Matrix - created by Clustal2.1 
#
#

     1: SARSCoV       100.00   77.30   77.68   77.22   32.91   32.19
     2: PCoV           77.30  100.00   92.98   92.43   32.62   31.57
     3: BatCoVRaTG13   77.68   92.98  100.00   97.71   32.95   32.15
     4: SARSCoV2       77.22   92.43   97.71  100.00   33.20   32.05
     5: BatCoV         32.91   32.62   32.95   33.20  100.00   65.54
     6: MERSCoV        32.19   31.57   32.15   32.05   65.54  100.00
