    6
SARSCoV    0.000000 0.256232 0.251388 0.248698 0.898457 0.900193
PCoV       0.256232 0.000000 0.168393 0.166120 0.898327 0.893805
BatCoVRaTG 0.251388 0.168393 0.000000 0.039392 0.893278 0.899810
SARSCoV2   0.248698 0.166120 0.039392 0.000000 0.884128 0.897391
BatCoV     0.898457 0.898327 0.893278 0.884128 0.000000 0.190414
MERSCoV    0.900193 0.893805 0.899810 0.897391 0.190414 0.000000
